,mu_cape,s06,relhum850-500,lat,lon,loc_id,year,month,day,hour,minute
0,9.280,21.506,14.459,-34.592,138.520,Adelaide AP,2012,11,1,0,0
1,0.000,11.085,10.365,-34.592,138.520,Adelaide AP,2012,11,1,6,0
2,0.000,9.291,11.655,-34.592,138.520,Adelaide AP,2012,11,1,12,0
3,0.000,13.281,13.072,-34.592,138.520,Adelaide AP,2012,11,1,18,0
4,0.000,16.137,12.624,-34.592,138.520,Adelaide AP,2012,11,2,0,0
5,0.000,14.774,23.147,-34.592,138.520,Adelaide AP,2012,11,2,6,0
6,0.000,14.878,36.644,-34.592,138.520,Adelaide AP,2012,11,2,12,0
7,0.000,12.773,36.305,-34.592,138.520,Adelaide AP,2012,11,2,18,0
8,0.000,14.381,57.686,-34.592,138.520,Adelaide AP,2012,11,3,0,0
9,24.005,25.280,52.040,-34.592,138.520,Adelaide AP,2012,11,3,6,0
10,0.000,26.883,44.948,-34.592,138.520,Adelaide AP,2012,11,3,12,0
11,0.000,26.234,23.310,-34.592,138.520,Adelaide AP,2012,11,3,18,0
12,0.000,19.181,32.056,-34.592,138.520,Adelaide AP,2012,11,4,0,0
13,132.195,18.161,41.185,-34.592,138.520,Adelaide AP,2012,11,4,6,0
14,811.138,20.145,43.396,-34.592,138.520,Adelaide AP,2012,11,4,12,0
15,0.000,15.240,60.231,-34.592,138.520,Adelaide AP,2012,11,4,18,0
16,67.463,13.919,73.766,-34.592,138.520,Adelaide AP,2012,11,5,0,0
17,849.121,21.307,58.256,-34.592,138.520,Adelaide AP,2012,11,5,6,0
18,855.349,34.827,89.123,-34.592,138.520,Adelaide AP,2012,11,5,12,0
19,2.163,35.168,39.710,-34.592,138.520,Adelaide AP,2012,11,5,18,0
20,0.000,22.931,23.929,-34.592,138.520,Adelaide AP,2012,11,6,0,0
21,0.000,24.688,26.113,-34.592,138.520,Adelaide AP,2012,11,6,6,0
22,0.000,27.578,39.669,-34.592,138.520,Adelaide AP,2012,11,6,12,0
23,0.000,26.300,47.184,-34.592,138.520,Adelaide AP,2012,11,6,18,0
24,0.000,22.729,54.823,-34.592,138.520,Adelaide AP,2012,11,7,0,0
25,1.550,19.524,56.007,-34.592,138.520,Adelaide AP,2012,11,7,6,0
26,0.000,18.139,25.693,-34.592,138.520,Adelaide AP,2012,11,7,12,0
27,10.100,20.245,22.282,-34.592,138.520,Adelaide AP,2012,11,7,18,0
28,1.643,16.742,22.281,-34.592,138.520,Adelaide AP,2012,11,8,0,0
29,0.000,11.728,35.859,-34.592,138.520,Adelaide AP,2012,11,8,6,0
30,0.000,17.231,18.355,-34.592,138.520,Adelaide AP,2012,11,8,12,0
31,0.000,15.496,11.902,-34.592,138.520,Adelaide AP,2012,11,8,18,0
32,0.000,16.232,14.456,-34.592,138.520,Adelaide AP,2012,11,9,0,0
33,0.000,21.560,29.170,-34.592,138.520,Adelaide AP,2012,11,9,6,0
34,0.000,17.992,25.422,-34.592,138.520,Adelaide AP,2012,11,9,12,0
35,0.000,18.347,26.067,-34.592,138.520,Adelaide AP,2012,11,9,18,0
36,0.000,16.706,31.810,-34.592,138.520,Adelaide AP,2012,11,10,0,0
37,0.000,12.674,35.903,-34.592,138.520,Adelaide AP,2012,11,10,6,0
38,0.000,13.834,35.020,-34.592,138.520,Adelaide AP,2012,11,10,12,0
39,0.000,15.049,31.294,-34.592,138.520,Adelaide AP,2012,11,10,18,0
40,0.000,15.107,23.605,-34.592,138.520,Adelaide AP,2012,11,11,0,0
41,0.000,14.208,23.408,-34.592,138.520,Adelaide AP,2012,11,11,6,0
42,0.000,22.502,22.615,-34.592,138.520,Adelaide AP,2012,11,11,12,0
43,0.000,28.686,55.674,-34.592,138.520,Adelaide AP,2012,11,11,18,0
44,0.000,17.690,21.045,-34.592,138.520,Adelaide AP,2012,11,12,0,0
45,0.000,11.984,10.303,-34.592,138.520,Adelaide AP,2012,11,12,6,0
46,0.000,14.989,6.448,-34.592,138.520,Adelaide AP,2012,11,12,12,0
47,0.000,17.031,7.100,-34.592,138.520,Adelaide AP,2012,11,12,18,0
48,0.000,18.534,8.468,-34.592,138.520,Adelaide AP,2012,11,13,0,0
49,0.000,21.127,12.089,-34.592,138.520,Adelaide AP,2012,11,13,6,0
50,0.000,24.271,17.861,-34.592,138.520,Adelaide AP,2012,11,13,12,0
51,0.000,22.039,18.458,-34.592,138.520,Adelaide AP,2012,11,13,18,0
52,0.000,17.889,18.349,-34.592,138.520,Adelaide AP,2012,11,14,0,0
53,0.000,19.850,26.398,-34.592,138.520,Adelaide AP,2012,11,14,6,0
54,0.000,25.997,35.994,-34.592,138.520,Adelaide AP,2012,11,14,12,0
55,0.000,25.595,45.167,-34.592,138.520,Adelaide AP,2012,11,14,18,0
56,0.000,25.651,54.875,-34.592,138.520,Adelaide AP,2012,11,15,0,0
57,0.000,29.532,74.528,-34.592,138.520,Adelaide AP,2012,11,15,6,0
58,0.000,29.880,78.615,-34.592,138.520,Adelaide AP,2012,11,15,12,0
59,0.330,14.043,76.660,-34.592,138.520,Adelaide AP,2012,11,15,18,0
60,0.000,11.259,35.456,-34.592,138.520,Adelaide AP,2012,11,16,0,0
61,0.000,10.830,14.038,-34.592,138.520,Adelaide AP,2012,11,16,6,0
62,0.000,12.356,11.545,-34.592,138.520,Adelaide AP,2012,11,16,12,0
63,0.000,15.599,15.282,-34.592,138.520,Adelaide AP,2012,11,16,18,0
64,0.000,15.389,17.933,-34.592,138.520,Adelaide AP,2012,11,17,0,0
65,0.000,14.122,16.799,-34.592,138.520,Adelaide AP,2012,11,17,6,0
66,0.000,19.516,13.133,-34.592,138.520,Adelaide AP,2012,11,17,12,0
67,0.000,19.536,13.150,-34.592,138.520,Adelaide AP,2012,11,17,18,0
68,0.000,18.403,18.194,-34.592,138.520,Adelaide AP,2012,11,18,0,0
69,0.000,13.360,19.356,-34.592,138.520,Adelaide AP,2012,11,18,6,0
70,0.000,9.314,12.320,-34.592,138.520,Adelaide AP,2012,11,18,12,0
71,0.000,9.746,10.902,-34.592,138.520,Adelaide AP,2012,11,18,18,0
72,0.000,11.351,10.143,-34.592,138.520,Adelaide AP,2012,11,19,0,0
73,0.000,7.604,19.151,-34.592,138.520,Adelaide AP,2012,11,19,6,0
74,0.000,14.153,15.261,-34.592,138.520,Adelaide AP,2012,11,19,12,0
75,0.000,15.119,25.417,-34.592,138.520,Adelaide AP,2012,11,19,18,0
76,0.000,13.660,37.177,-34.592,138.520,Adelaide AP,2012,11,20,0,0
77,0.000,16.290,39.352,-34.592,138.520,Adelaide AP,2012,11,20,6,0
78,0.000,19.420,36.187,-34.592,138.520,Adelaide AP,2012,11,20,12,0
79,0.000,18.418,9.975,-34.592,138.520,Adelaide AP,2012,11,20,18,0
80,0.000,15.288,23.189,-34.592,138.520,Adelaide AP,2012,11,21,0,0
81,0.000,15.239,14.756,-34.592,138.520,Adelaide AP,2012,11,21,6,0
82,0.000,15.157,16.104,-34.592,138.520,Adelaide AP,2012,11,21,12,0
83,0.000,17.780,18.460,-34.592,138.520,Adelaide AP,2012,11,21,18,0
84,0.000,13.823,22.333,-34.592,138.520,Adelaide AP,2012,11,22,0,0
85,0.000,11.567,21.604,-34.592,138.520,Adelaide AP,2012,11,22,6,0
86,0.000,12.784,18.031,-34.592,138.520,Adelaide AP,2012,11,22,12,0
87,0.000,10.939,17.822,-34.592,138.520,Adelaide AP,2012,11,22,18,0
88,0.000,12.067,14.991,-34.592,138.520,Adelaide AP,2012,11,23,0,0
89,0.000,12.273,36.629,-34.592,138.520,Adelaide AP,2012,11,23,6,0
90,0.000,15.205,52.217,-34.592,138.520,Adelaide AP,2012,11,23,12,0
91,0.000,13.470,58.149,-34.592,138.520,Adelaide AP,2012,11,23,18,0
92,1.018,12.624,61.066,-34.592,138.520,Adelaide AP,2012,11,24,0,0
93,0.000,10.388,45.051,-34.592,138.520,Adelaide AP,2012,11,24,6,0
94,0.000,15.220,21.600,-34.592,138.520,Adelaide AP,2012,11,24,12,0
95,0.000,18.838,18.729,-34.592,138.520,Adelaide AP,2012,11,24,18,0
96,0.000,14.031,18.819,-34.592,138.520,Adelaide AP,2012,11,25,0,0
97,0.000,15.445,31.547,-34.592,138.520,Adelaide AP,2012,11,25,6,0
98,0.000,25.107,67.690,-34.592,138.520,Adelaide AP,2012,11,25,12,0
99,24.431,27.140,65.681,-34.592,138.520,Adelaide AP,2012,11,25,18,0
100,0.000,24.199,58.939,-34.592,138.520,Adelaide AP,2012,11,26,0,0
101,479.737,24.937,51.956,-34.592,138.520,Adelaide AP,2012,11,26,6,0
102,770.925,27.218,45.258,-34.592,138.520,Adelaide AP,2012,11,26,12,0
103,0.000,22.150,34.207,-34.592,138.520,Adelaide AP,2012,11,26,18,0
104,0.000,11.825,26.572,-34.592,138.520,Adelaide AP,2012,11,27,0,0
105,109.675,13.442,21.883,-34.592,138.520,Adelaide AP,2012,11,27,6,0
106,158.513,13.970,18.723,-34.592,138.520,Adelaide AP,2012,11,27,12,0
107,3.266,13.100,26.764,-34.592,138.520,Adelaide AP,2012,11,27,18,0
108,0.000,9.156,17.940,-34.592,138.520,Adelaide AP,2012,11,28,0,0
109,0.000,10.145,18.087,-34.592,138.520,Adelaide AP,2012,11,28,6,0
110,2159.193,14.233,16.367,-34.592,138.520,Adelaide AP,2012,11,28,12,0
111,4569.888,19.245,28.817,-34.592,138.520,Adelaide AP,2012,11,28,18,0
112,0.000,10.609,50.467,-34.592,138.520,Adelaide AP,2012,11,29,0,0
113,0.000,14.022,56.849,-34.592,138.520,Adelaide AP,2012,11,29,6,0
114,625.376,21.458,50.287,-34.592,138.520,Adelaide AP,2012,11,29,12,0
115,3.661,25.442,61.115,-34.592,138.520,Adelaide AP,2012,11,29,18,0
116,49.423,25.131,55.925,-34.592,138.520,Adelaide AP,2012,11,30,0,0
117,646.932,19.176,58.325,-34.592,138.520,Adelaide AP,2012,11,30,6,0
118,278.625,30.672,57.573,-34.592,138.520,Adelaide AP,2012,11,30,12,0
119,0.000,29.270,43.604,-34.592,138.520,Adelaide AP,2012,11,30,18,0
120,31.624,30.533,53.572,-34.592,138.520,Adelaide AP,2012,12,1,0,0
