,mu_cape,s06,relhum850-500,lat,lon,lon_used,lat_used,loc_id,year,month,day,hour,minute
0,7.624,16.714,74.646,-34.440,101.070,115.105,-34.145,Test Indian Ocean,2012,11,1,0,0
1,0.000,12.386,58.271,-34.440,101.070,115.105,-34.145,Test Indian Ocean,2012,11,1,6,0
2,199.502,9.496,64.458,-34.440,101.070,115.105,-34.145,Test Indian Ocean,2012,11,1,12,0
3,19.725,7.089,65.521,-34.440,101.070,115.105,-34.145,Test Indian Ocean,2012,11,1,18,0
4,74.806,11.703,61.312,-34.440,101.070,115.105,-34.145,Test Indian Ocean,2012,11,2,0,0
5,96.619,13.601,44.250,-34.440,101.070,115.105,-34.145,Test Indian Ocean,2012,11,2,6,0
6,52.655,18.187,64.917,-34.440,101.070,115.105,-34.145,Test Indian Ocean,2012,11,2,12,0
7,31.062,23.955,56.583,-34.440,101.070,115.105,-34.145,Test Indian Ocean,2012,11,2,18,0
8,429.325,19.057,66.979,-34.440,101.070,115.105,-34.145,Test Indian Ocean,2012,11,3,0,0
9,77.086,20.297,64.750,-34.440,101.070,115.105,-34.145,Test Indian Ocean,2012,11,3,6,0
10,236.035,20.402,90.729,-34.440,101.070,115.105,-34.145,Test Indian Ocean,2012,11,3,12,0
11,460.699,30.569,47.646,-34.440,101.070,115.105,-34.145,Test Indian Ocean,2012,11,3,18,0
12,148.071,11.433,71.375,-34.440,101.070,115.105,-34.145,Test Indian Ocean,2012,11,4,0,0
13,11.021,8.016,72.479,-34.440,101.070,115.105,-34.145,Test Indian Ocean,2012,11,4,6,0
14,192.045,10.783,83.458,-34.440,101.070,115.105,-34.145,Test Indian Ocean,2012,11,4,12,0
15,99.255,36.773,69.854,-34.440,101.070,115.105,-34.145,Test Indian Ocean,2012,11,4,18,0
16,37.057,32.067,54.583,-34.440,101.070,115.105,-34.145,Test Indian Ocean,2012,11,5,0,0
17,14.566,16.523,62.250,-34.440,101.070,115.105,-34.145,Test Indian Ocean,2012,11,5,6,0
18,0.000,20.733,71.458,-34.440,101.070,115.105,-34.145,Test Indian Ocean,2012,11,5,12,0
19,20.296,22.899,54.958,-34.440,101.070,115.105,-34.145,Test Indian Ocean,2012,11,5,18,0
20,4.112,19.541,49.979,-34.440,101.070,115.105,-34.145,Test Indian Ocean,2012,11,6,0,0
21,21.791,18.235,42.854,-34.440,101.070,115.105,-34.145,Test Indian Ocean,2012,11,6,6,0
22,26.409,13.468,39.083,-34.440,101.070,115.105,-34.145,Test Indian Ocean,2012,11,6,12,0
23,23.651,19.193,29.646,-34.440,101.070,115.105,-34.145,Test Indian Ocean,2012,11,6,18,0
24,16.344,17.781,19.958,-34.440,101.070,115.105,-34.145,Test Indian Ocean,2012,11,7,0,0
25,0.000,15.408,19.146,-34.440,101.070,115.105,-34.145,Test Indian Ocean,2012,11,7,6,0
26,0.000,16.229,20.208,-34.440,101.070,115.105,-34.145,Test Indian Ocean,2012,11,7,12,0
27,0.000,17.067,15.979,-34.440,101.070,115.105,-34.145,Test Indian Ocean,2012,11,7,18,0
28,0.000,17.526,20.729,-34.440,101.070,115.105,-34.145,Test Indian Ocean,2012,11,8,0,0
29,0.000,11.997,17.833,-34.440,101.070,115.105,-34.145,Test Indian Ocean,2012,11,8,6,0
30,0.000,14.796,14.333,-34.440,101.070,115.105,-34.145,Test Indian Ocean,2012,11,8,12,0
31,0.000,26.484,19.229,-34.440,101.070,115.105,-34.145,Test Indian Ocean,2012,11,8,18,0
32,0.000,21.601,24.542,-34.440,101.070,115.105,-34.145,Test Indian Ocean,2012,11,9,0,0
33,0.000,23.847,15.521,-34.440,101.070,115.105,-34.145,Test Indian Ocean,2012,11,9,6,0
34,0.000,25.105,9.104,-34.440,101.070,115.105,-34.145,Test Indian Ocean,2012,11,9,12,0
35,2.217,27.916,29.000,-34.440,101.070,115.105,-34.145,Test Indian Ocean,2012,11,9,18,0
36,75.914,28.666,61.812,-34.440,101.070,115.105,-34.145,Test Indian Ocean,2012,11,10,0,0
37,0.000,33.927,63.646,-34.440,101.070,115.105,-34.145,Test Indian Ocean,2012,11,10,6,0
38,38.599,39.275,71.958,-34.440,101.070,115.105,-34.145,Test Indian Ocean,2012,11,10,12,0
39,12.409,20.342,41.229,-34.440,101.070,115.105,-34.145,Test Indian Ocean,2012,11,10,18,0
40,0.000,13.748,31.771,-34.440,101.070,115.105,-34.145,Test Indian Ocean,2012,11,11,0,0
41,0.000,6.893,33.729,-34.440,101.070,115.105,-34.145,Test Indian Ocean,2012,11,11,6,0
42,0.000,7.344,30.229,-34.440,101.070,115.105,-34.145,Test Indian Ocean,2012,11,11,12,0
43,0.000,16.771,22.042,-34.440,101.070,115.105,-34.145,Test Indian Ocean,2012,11,11,18,0
44,0.000,19.744,20.833,-34.440,101.070,115.105,-34.145,Test Indian Ocean,2012,11,12,0,0
45,0.000,13.284,20.542,-34.440,101.070,115.105,-34.145,Test Indian Ocean,2012,11,12,6,0
46,0.000,21.182,16.521,-34.440,101.070,115.105,-34.145,Test Indian Ocean,2012,11,12,12,0
47,0.000,25.892,15.833,-34.440,101.070,115.105,-34.145,Test Indian Ocean,2012,11,12,18,0
48,0.000,25.811,21.250,-34.440,101.070,115.105,-34.145,Test Indian Ocean,2012,11,13,0,0
49,0.000,29.101,32.792,-34.440,101.070,115.105,-34.145,Test Indian Ocean,2012,11,13,6,0
50,0.000,33.401,17.021,-34.440,101.070,115.105,-34.145,Test Indian Ocean,2012,11,13,12,0
51,0.000,37.343,26.042,-34.440,101.070,115.105,-34.145,Test Indian Ocean,2012,11,13,18,0
52,0.000,38.515,26.833,-34.440,101.070,115.105,-34.145,Test Indian Ocean,2012,11,14,0,0
53,0.000,15.352,50.500,-34.440,101.070,115.105,-34.145,Test Indian Ocean,2012,11,14,6,0
54,2.358,16.651,12.146,-34.440,101.070,115.105,-34.145,Test Indian Ocean,2012,11,14,12,0
55,21.940,18.557,7.417,-34.440,101.070,115.105,-34.145,Test Indian Ocean,2012,11,14,18,0
56,8.401,13.514,5.854,-34.440,101.070,115.105,-34.145,Test Indian Ocean,2012,11,15,0,0
57,0.000,11.467,11.646,-34.440,101.070,115.105,-34.145,Test Indian Ocean,2012,11,15,6,0
58,0.000,22.514,5.875,-34.440,101.070,115.105,-34.145,Test Indian Ocean,2012,11,15,12,0
59,0.000,22.945,12.312,-34.440,101.070,115.105,-34.145,Test Indian Ocean,2012,11,15,18,0
60,0.000,20.349,11.979,-34.440,101.070,115.105,-34.145,Test Indian Ocean,2012,11,16,0,0
61,0.000,15.392,13.500,-34.440,101.070,115.105,-34.145,Test Indian Ocean,2012,11,16,6,0
62,0.000,21.100,23.417,-34.440,101.070,115.105,-34.145,Test Indian Ocean,2012,11,16,12,0
63,0.000,20.095,26.042,-34.440,101.070,115.105,-34.145,Test Indian Ocean,2012,11,16,18,0
64,0.000,17.243,37.979,-34.440,101.070,115.105,-34.145,Test Indian Ocean,2012,11,17,0,0
65,0.000,15.042,24.146,-34.440,101.070,115.105,-34.145,Test Indian Ocean,2012,11,17,6,0
66,0.000,23.179,24.562,-34.440,101.070,115.105,-34.145,Test Indian Ocean,2012,11,17,12,0
67,0.000,23.147,24.771,-34.440,101.070,115.105,-34.145,Test Indian Ocean,2012,11,17,18,0
68,0.000,24.145,18.188,-34.440,101.070,115.105,-34.145,Test Indian Ocean,2012,11,18,0,0
69,0.630,18.822,22.646,-34.440,101.070,115.105,-34.145,Test Indian Ocean,2012,11,18,6,0
70,25.648,15.934,37.729,-34.440,101.070,115.105,-34.145,Test Indian Ocean,2012,11,18,12,0
71,11.976,14.884,28.854,-34.440,101.070,115.105,-34.145,Test Indian Ocean,2012,11,18,18,0
72,10.748,15.753,28.979,-34.440,101.070,115.105,-34.145,Test Indian Ocean,2012,11,19,0,0
73,0.000,13.289,29.146,-34.440,101.070,115.105,-34.145,Test Indian Ocean,2012,11,19,6,0
74,0.691,7.486,25.646,-34.440,101.070,115.105,-34.145,Test Indian Ocean,2012,11,19,12,0
75,6.214,12.434,26.521,-34.440,101.070,115.105,-34.145,Test Indian Ocean,2012,11,19,18,0
76,0.000,10.511,27.875,-34.440,101.070,115.105,-34.145,Test Indian Ocean,2012,11,20,0,0
77,0.000,10.573,27.417,-34.440,101.070,115.105,-34.145,Test Indian Ocean,2012,11,20,6,0
78,0.000,10.908,42.542,-34.440,101.070,115.105,-34.145,Test Indian Ocean,2012,11,20,12,0
79,0.000,9.472,30.021,-34.440,101.070,115.105,-34.145,Test Indian Ocean,2012,11,20,18,0
80,0.000,12.728,24.375,-34.440,101.070,115.105,-34.145,Test Indian Ocean,2012,11,21,0,0
81,0.000,15.723,20.396,-34.440,101.070,115.105,-34.145,Test Indian Ocean,2012,11,21,6,0
82,0.000,17.988,13.646,-34.440,101.070,115.105,-34.145,Test Indian Ocean,2012,11,21,12,0
83,12.914,14.522,33.562,-34.440,101.070,115.105,-34.145,Test Indian Ocean,2012,11,21,18,0
84,126.187,11.899,49.542,-34.440,101.070,115.105,-34.145,Test Indian Ocean,2012,11,22,0,0
85,0.000,12.460,28.188,-34.440,101.070,115.105,-34.145,Test Indian Ocean,2012,11,22,6,0
86,0.000,18.792,19.062,-34.440,101.070,115.105,-34.145,Test Indian Ocean,2012,11,22,12,0
87,1.856,27.386,18.708,-34.440,101.070,115.105,-34.145,Test Indian Ocean,2012,11,22,18,0
88,17.632,26.499,47.958,-34.440,101.070,115.105,-34.145,Test Indian Ocean,2012,11,23,0,0
89,18.141,32.083,66.396,-34.440,101.070,115.105,-34.145,Test Indian Ocean,2012,11,23,6,0
90,0.000,15.383,65.917,-34.440,101.070,115.105,-34.145,Test Indian Ocean,2012,11,23,12,0
91,0.000,24.386,59.625,-34.440,101.070,115.105,-34.145,Test Indian Ocean,2012,11,23,18,0
92,0.000,23.350,53.021,-34.440,101.070,115.105,-34.145,Test Indian Ocean,2012,11,24,0,0
93,0.000,27.676,33.750,-34.440,101.070,115.105,-34.145,Test Indian Ocean,2012,11,24,6,0
94,0.000,20.373,43.833,-34.440,101.070,115.105,-34.145,Test Indian Ocean,2012,11,24,12,0
95,0.000,15.142,36.250,-34.440,101.070,115.105,-34.145,Test Indian Ocean,2012,11,24,18,0
96,0.000,17.089,30.917,-34.440,101.070,115.105,-34.145,Test Indian Ocean,2012,11,25,0,0
97,0.000,14.710,12.833,-34.440,101.070,115.105,-34.145,Test Indian Ocean,2012,11,25,6,0
98,0.000,11.131,27.979,-34.440,101.070,115.105,-34.145,Test Indian Ocean,2012,11,25,12,0
99,0.000,19.886,36.062,-34.440,101.070,115.105,-34.145,Test Indian Ocean,2012,11,25,18,0
100,0.000,18.768,30.750,-34.440,101.070,115.105,-34.145,Test Indian Ocean,2012,11,26,0,0
101,0.000,15.839,32.750,-34.440,101.070,115.105,-34.145,Test Indian Ocean,2012,11,26,6,0
102,1.276,23.105,21.417,-34.440,101.070,115.105,-34.145,Test Indian Ocean,2012,11,26,12,0
103,0.000,27.227,25.062,-34.440,101.070,115.105,-34.145,Test Indian Ocean,2012,11,26,18,0
104,0.000,24.859,29.167,-34.440,101.070,115.105,-34.145,Test Indian Ocean,2012,11,27,0,0
105,0.000,20.058,35.833,-34.440,101.070,115.105,-34.145,Test Indian Ocean,2012,11,27,6,0
106,0.000,35.574,57.625,-34.440,101.070,115.105,-34.145,Test Indian Ocean,2012,11,27,12,0
107,11.440,35.586,89.938,-34.440,101.070,115.105,-34.145,Test Indian Ocean,2012,11,27,18,0
108,143.354,39.993,63.646,-34.440,101.070,115.105,-34.145,Test Indian Ocean,2012,11,28,0,0
109,443.620,23.970,72.667,-34.440,101.070,115.105,-34.145,Test Indian Ocean,2012,11,28,6,0
110,318.918,19.906,77.000,-34.440,101.070,115.105,-34.145,Test Indian Ocean,2012,11,28,12,0
111,59.095,26.657,66.083,-34.440,101.070,115.105,-34.145,Test Indian Ocean,2012,11,28,18,0
112,25.654,38.374,59.542,-34.440,101.070,115.105,-34.145,Test Indian Ocean,2012,11,29,0,0
113,36.350,44.447,63.042,-34.440,101.070,115.105,-34.145,Test Indian Ocean,2012,11,29,6,0
114,36.195,39.864,61.667,-34.440,101.070,115.105,-34.145,Test Indian Ocean,2012,11,29,12,0
115,14.620,39.962,56.938,-34.440,101.070,115.105,-34.145,Test Indian Ocean,2012,11,29,18,0
116,8.408,32.126,54.396,-34.440,101.070,115.105,-34.145,Test Indian Ocean,2012,11,30,0,0
117,3.657,27.978,37.146,-34.440,101.070,115.105,-34.145,Test Indian Ocean,2012,11,30,6,0
118,0.000,16.779,33.792,-34.440,101.070,115.105,-34.145,Test Indian Ocean,2012,11,30,12,0
119,0.000,14.039,34.938,-34.440,101.070,115.105,-34.145,Test Indian Ocean,2012,11,30,18,0
120,0.000,21.266,52.917,-34.440,101.070,115.105,-34.145,Test Indian Ocean,2012,12,1,0,0
121,0.000,6.841,34.354,-34.440,101.070,115.105,-34.145,Test Indian Ocean,2012,12,1,6,0
122,0.000,9.889,36.771,-34.440,101.070,115.105,-34.145,Test Indian Ocean,2012,12,1,12,0
123,0.000,11.651,45.833,-34.440,101.070,115.105,-34.145,Test Indian Ocean,2012,12,1,18,0
124,0.000,11.733,36.667,-34.440,101.070,115.105,-34.145,Test Indian Ocean,2012,12,2,0,0
125,0.000,10.496,43.625,-34.440,101.070,115.105,-34.145,Test Indian Ocean,2012,12,2,6,0
126,0.000,9.204,44.979,-34.440,101.070,115.105,-34.145,Test Indian Ocean,2012,12,2,12,0
127,0.000,7.029,38.208,-34.440,101.070,115.105,-34.145,Test Indian Ocean,2012,12,2,18,0
128,0.000,11.179,30.875,-34.440,101.070,115.105,-34.145,Test Indian Ocean,2012,12,3,0,0
129,0.000,8.564,23.521,-34.440,101.070,115.105,-34.145,Test Indian Ocean,2012,12,3,6,0
130,0.000,13.845,16.438,-34.440,101.070,115.105,-34.145,Test Indian Ocean,2012,12,3,12,0
131,0.000,12.534,18.646,-34.440,101.070,115.105,-34.145,Test Indian Ocean,2012,12,3,18,0
132,0.000,9.199,24.500,-34.440,101.070,115.105,-34.145,Test Indian Ocean,2012,12,4,0,0
133,0.000,12.883,46.083,-34.440,101.070,115.105,-34.145,Test Indian Ocean,2012,12,4,6,0
134,202.140,16.420,49.375,-34.440,101.070,115.105,-34.145,Test Indian Ocean,2012,12,4,12,0
135,228.732,13.333,51.375,-34.440,101.070,115.105,-34.145,Test Indian Ocean,2012,12,4,18,0
136,218.802,6.339,42.125,-34.440,101.070,115.105,-34.145,Test Indian Ocean,2012,12,5,0,0
137,0.000,5.236,35.354,-34.440,101.070,115.105,-34.145,Test Indian Ocean,2012,12,5,6,0
138,0.000,14.392,43.271,-34.440,101.070,115.105,-34.145,Test Indian Ocean,2012,12,5,12,0
139,3.049,15.870,24.583,-34.440,101.070,115.105,-34.145,Test Indian Ocean,2012,12,5,18,0
140,1.265,17.765,29.500,-34.440,101.070,115.105,-34.145,Test Indian Ocean,2012,12,6,0,0
141,0.000,18.011,30.542,-34.440,101.070,115.105,-34.145,Test Indian Ocean,2012,12,6,6,0
142,28.272,21.916,54.521,-34.440,101.070,115.105,-34.145,Test Indian Ocean,2012,12,6,12,0
143,30.376,26.315,52.792,-34.440,101.070,115.105,-34.145,Test Indian Ocean,2012,12,6,18,0
144,37.484,41.824,58.021,-34.440,101.070,115.105,-34.145,Test Indian Ocean,2012,12,7,0,0
145,0.000,35.306,24.625,-34.440,101.070,115.105,-34.145,Test Indian Ocean,2012,12,7,6,0
146,0.000,23.014,21.792,-34.440,101.070,115.105,-34.145,Test Indian Ocean,2012,12,7,12,0
147,0.000,20.686,26.771,-34.440,101.070,115.105,-34.145,Test Indian Ocean,2012,12,7,18,0
148,0.000,16.478,27.750,-34.440,101.070,115.105,-34.145,Test Indian Ocean,2012,12,8,0,0
149,0.000,16.590,19.958,-34.440,101.070,115.105,-34.145,Test Indian Ocean,2012,12,8,6,0
150,0.000,17.186,21.312,-34.440,101.070,115.105,-34.145,Test Indian Ocean,2012,12,8,12,0
151,0.000,16.614,21.104,-34.440,101.070,115.105,-34.145,Test Indian Ocean,2012,12,8,18,0
152,0.000,14.606,10.271,-34.440,101.070,115.105,-34.145,Test Indian Ocean,2012,12,9,0,0
153,0.000,16.976,20.417,-34.440,101.070,115.105,-34.145,Test Indian Ocean,2012,12,9,6,0
154,0.000,18.154,28.021,-34.440,101.070,115.105,-34.145,Test Indian Ocean,2012,12,9,12,0
155,105.372,12.661,62.125,-34.440,101.070,115.105,-34.145,Test Indian Ocean,2012,12,9,18,0
156,73.941,12.654,62.583,-34.440,101.070,115.105,-34.145,Test Indian Ocean,2012,12,10,0,0
157,0.000,15.289,58.625,-34.440,101.070,115.105,-34.145,Test Indian Ocean,2012,12,10,6,0
158,58.661,18.194,55.479,-34.440,101.070,115.105,-34.145,Test Indian Ocean,2012,12,10,12,0
159,341.314,15.701,56.438,-34.440,101.070,115.105,-34.145,Test Indian Ocean,2012,12,10,18,0
160,98.661,20.553,44.667,-34.440,101.070,115.105,-34.145,Test Indian Ocean,2012,12,11,0,0
161,6.979,23.329,59.792,-34.440,101.070,115.105,-34.145,Test Indian Ocean,2012,12,11,6,0
162,3.658,16.400,53.604,-34.440,101.070,115.105,-34.145,Test Indian Ocean,2012,12,11,12,0
163,216.907,6.921,69.625,-34.440,101.070,115.105,-34.145,Test Indian Ocean,2012,12,11,18,0
164,227.158,6.991,69.938,-34.440,101.070,115.105,-34.145,Test Indian Ocean,2012,12,12,0,0
165,168.144,13.732,81.208,-34.440,101.070,115.105,-34.145,Test Indian Ocean,2012,12,12,6,0
166,51.703,7.049,81.500,-34.440,101.070,115.105,-34.145,Test Indian Ocean,2012,12,12,12,0
167,2.147,7.135,73.750,-34.440,101.070,115.105,-34.145,Test Indian Ocean,2012,12,12,18,0
168,105.859,3.623,62.292,-34.440,101.070,115.105,-34.145,Test Indian Ocean,2012,12,13,0,0
169,152.702,3.509,67.646,-34.440,101.070,115.105,-34.145,Test Indian Ocean,2012,12,13,6,0
170,0.000,6.280,52.167,-34.440,101.070,115.105,-34.145,Test Indian Ocean,2012,12,13,12,0
171,0.000,10.108,46.667,-34.440,101.070,115.105,-34.145,Test Indian Ocean,2012,12,13,18,0
172,7.177,11.987,28.250,-34.440,101.070,115.105,-34.145,Test Indian Ocean,2012,12,14,0,0
173,0.000,12.633,26.604,-34.440,101.070,115.105,-34.145,Test Indian Ocean,2012,12,14,6,0
174,0.000,15.282,12.792,-34.440,101.070,115.105,-34.145,Test Indian Ocean,2012,12,14,12,0
175,9.704,13.930,23.333,-34.440,101.070,115.105,-34.145,Test Indian Ocean,2012,12,14,18,0
176,0.000,12.851,33.000,-34.440,101.070,115.105,-34.145,Test Indian Ocean,2012,12,15,0,0
