,mu_cape,s06,relhum850-500,lat,lon,lon_used,lat_used,loc_id,year,month,day,hour,minute
0,0.000,23.340,22.312,-34.592,138.520,138.535,-34.585,Adelaide AP,2012,11,1,0,0
1,0.000,7.223,11.083,-34.592,138.520,138.535,-34.585,Adelaide AP,2012,11,1,6,0
2,0.000,12.033,10.333,-34.592,138.520,138.535,-34.585,Adelaide AP,2012,11,1,12,0
3,0.000,16.118,14.271,-34.592,138.520,138.535,-34.585,Adelaide AP,2012,11,1,18,0
4,0.000,12.662,15.271,-34.592,138.520,138.535,-34.585,Adelaide AP,2012,11,2,0,0
5,0.000,14.434,31.521,-34.592,138.520,138.535,-34.585,Adelaide AP,2012,11,2,6,0
6,0.000,14.884,54.188,-34.592,138.520,138.535,-34.585,Adelaide AP,2012,11,2,12,0
7,143.616,13.694,61.667,-34.592,138.520,138.535,-34.585,Adelaide AP,2012,11,2,18,0
8,0.000,18.345,56.229,-34.592,138.520,138.535,-34.585,Adelaide AP,2012,11,3,0,0
9,0.000,23.184,54.229,-34.592,138.520,138.535,-34.585,Adelaide AP,2012,11,3,6,0
10,0.000,28.072,33.521,-34.592,138.520,138.535,-34.585,Adelaide AP,2012,11,3,12,0
11,0.000,26.408,30.354,-34.592,138.520,138.535,-34.585,Adelaide AP,2012,11,3,18,0
12,0.000,15.858,33.688,-34.592,138.520,138.535,-34.585,Adelaide AP,2012,11,4,0,0
13,0.000,27.588,33.833,-34.592,138.520,138.535,-34.585,Adelaide AP,2012,11,4,6,0
14,0.000,13.392,43.729,-34.592,138.520,138.535,-34.585,Adelaide AP,2012,11,4,12,0
15,0.000,18.974,66.208,-34.592,138.520,138.535,-34.585,Adelaide AP,2012,11,4,18,0
16,0.000,16.871,56.646,-34.592,138.520,138.535,-34.585,Adelaide AP,2012,11,5,0,0
17,287.744,17.799,63.354,-34.592,138.520,138.535,-34.585,Adelaide AP,2012,11,5,6,0
18,45.487,42.452,73.438,-34.592,138.520,138.535,-34.585,Adelaide AP,2012,11,5,12,0
19,0.000,39.106,40.354,-34.592,138.520,138.535,-34.585,Adelaide AP,2012,11,5,18,0
20,0.000,23.193,22.917,-34.592,138.520,138.535,-34.585,Adelaide AP,2012,11,6,0,0
21,0.000,26.256,24.083,-34.592,138.520,138.535,-34.585,Adelaide AP,2012,11,6,6,0
22,0.000,29.655,48.542,-34.592,138.520,138.535,-34.585,Adelaide AP,2012,11,6,12,0
23,0.000,23.912,65.958,-34.592,138.520,138.535,-34.585,Adelaide AP,2012,11,6,18,0
24,0.000,20.131,67.542,-34.592,138.520,138.535,-34.585,Adelaide AP,2012,11,7,0,0
25,0.000,24.481,56.875,-34.592,138.520,138.535,-34.585,Adelaide AP,2012,11,7,6,0
26,0.000,17.310,40.583,-34.592,138.520,138.535,-34.585,Adelaide AP,2012,11,7,12,0
27,28.110,21.918,21.833,-34.592,138.520,138.535,-34.585,Adelaide AP,2012,11,7,18,0
28,0.000,15.202,14.854,-34.592,138.520,138.535,-34.585,Adelaide AP,2012,11,8,0,0
29,0.000,14.898,27.458,-34.592,138.520,138.535,-34.585,Adelaide AP,2012,11,8,6,0
30,0.000,15.206,23.250,-34.592,138.520,138.535,-34.585,Adelaide AP,2012,11,8,12,0
31,2.621,14.802,20.125,-34.592,138.520,138.535,-34.585,Adelaide AP,2012,11,8,18,0
32,0.000,15.894,11.979,-34.592,138.520,138.535,-34.585,Adelaide AP,2012,11,9,0,0
33,0.000,17.769,31.146,-34.592,138.520,138.535,-34.585,Adelaide AP,2012,11,9,6,0
34,0.000,21.510,25.667,-34.592,138.520,138.535,-34.585,Adelaide AP,2012,11,9,12,0
35,0.000,19.906,22.917,-34.592,138.520,138.535,-34.585,Adelaide AP,2012,11,9,18,0
36,0.000,19.065,27.604,-34.592,138.520,138.535,-34.585,Adelaide AP,2012,11,10,0,0
37,0.000,8.620,38.729,-34.592,138.520,138.535,-34.585,Adelaide AP,2012,11,10,6,0
38,0.000,15.711,34.729,-34.592,138.520,138.535,-34.585,Adelaide AP,2012,11,10,12,0
39,0.000,15.761,30.938,-34.592,138.520,138.535,-34.585,Adelaide AP,2012,11,10,18,0
40,0.000,13.239,25.375,-34.592,138.520,138.535,-34.585,Adelaide AP,2012,11,11,0,0
41,0.000,12.808,22.979,-34.592,138.520,138.535,-34.585,Adelaide AP,2012,11,11,6,0
42,0.000,24.723,21.438,-34.592,138.520,138.535,-34.585,Adelaide AP,2012,11,11,12,0
43,0.000,29.730,43.833,-34.592,138.520,138.535,-34.585,Adelaide AP,2012,11,11,18,0
44,0.000,18.435,7.000,-34.592,138.520,138.535,-34.585,Adelaide AP,2012,11,12,0,0
45,0.000,12.237,8.875,-34.592,138.520,138.535,-34.585,Adelaide AP,2012,11,12,6,0
46,0.000,15.752,9.625,-34.592,138.520,138.535,-34.585,Adelaide AP,2012,11,12,12,0
47,0.000,17.366,10.479,-34.592,138.520,138.535,-34.585,Adelaide AP,2012,11,12,18,0
48,0.000,18.844,11.542,-34.592,138.520,138.535,-34.585,Adelaide AP,2012,11,13,0,0
49,0.000,20.084,16.625,-34.592,138.520,138.535,-34.585,Adelaide AP,2012,11,13,6,0
50,0.000,26.803,22.333,-34.592,138.520,138.535,-34.585,Adelaide AP,2012,11,13,12,0
51,0.000,22.471,19.938,-34.592,138.520,138.535,-34.585,Adelaide AP,2012,11,13,18,0
52,0.000,14.874,24.583,-34.592,138.520,138.535,-34.585,Adelaide AP,2012,11,14,0,0
53,0.000,19.833,25.917,-34.592,138.520,138.535,-34.585,Adelaide AP,2012,11,14,6,0
54,0.000,28.316,36.250,-34.592,138.520,138.535,-34.585,Adelaide AP,2012,11,14,12,0
55,0.000,25.320,45.667,-34.592,138.520,138.535,-34.585,Adelaide AP,2012,11,14,18,0
56,0.000,29.790,73.396,-34.592,138.520,138.535,-34.585,Adelaide AP,2012,11,15,0,0
57,3.096,34.821,68.812,-34.592,138.520,138.535,-34.585,Adelaide AP,2012,11,15,6,0
58,0.000,29.632,73.771,-34.592,138.520,138.535,-34.585,Adelaide AP,2012,11,15,12,0
59,0.000,7.843,73.854,-34.592,138.520,138.535,-34.585,Adelaide AP,2012,11,15,18,0
60,0.000,8.744,26.167,-34.592,138.520,138.535,-34.585,Adelaide AP,2012,11,16,0,0
61,0.000,5.735,19.167,-34.592,138.520,138.535,-34.585,Adelaide AP,2012,11,16,6,0
62,0.000,12.565,14.146,-34.592,138.520,138.535,-34.585,Adelaide AP,2012,11,16,12,0
63,0.000,17.466,17.458,-34.592,138.520,138.535,-34.585,Adelaide AP,2012,11,16,18,0
64,0.000,12.861,22.667,-34.592,138.520,138.535,-34.585,Adelaide AP,2012,11,17,0,0
65,0.000,13.049,14.354,-34.592,138.520,138.535,-34.585,Adelaide AP,2012,11,17,6,0
66,0.000,23.473,11.062,-34.592,138.520,138.535,-34.585,Adelaide AP,2012,11,17,12,0
67,0.000,20.227,17.750,-34.592,138.520,138.535,-34.585,Adelaide AP,2012,11,17,18,0
68,0.000,17.476,19.312,-34.592,138.520,138.535,-34.585,Adelaide AP,2012,11,18,0,0
69,0.000,8.863,14.125,-34.592,138.520,138.535,-34.585,Adelaide AP,2012,11,18,6,0
70,0.000,10.535,14.250,-34.592,138.520,138.535,-34.585,Adelaide AP,2012,11,18,12,0
71,0.000,10.291,16.812,-34.592,138.520,138.535,-34.585,Adelaide AP,2012,11,18,18,0
72,0.000,10.892,12.688,-34.592,138.520,138.535,-34.585,Adelaide AP,2012,11,19,0,0
73,0.000,7.614,16.146,-34.592,138.520,138.535,-34.585,Adelaide AP,2012,11,19,6,0
74,0.000,15.570,12.708,-34.592,138.520,138.535,-34.585,Adelaide AP,2012,11,19,12,0
75,0.000,14.296,34.812,-34.592,138.520,138.535,-34.585,Adelaide AP,2012,11,19,18,0
76,0.000,11.971,39.229,-34.592,138.520,138.535,-34.585,Adelaide AP,2012,11,20,0,0
77,0.000,16.004,46.333,-34.592,138.520,138.535,-34.585,Adelaide AP,2012,11,20,6,0
78,0.000,19.994,32.271,-34.592,138.520,138.535,-34.585,Adelaide AP,2012,11,20,12,0
79,0.000,19.379,14.229,-34.592,138.520,138.535,-34.585,Adelaide AP,2012,11,20,18,0
80,0.000,14.567,25.958,-34.592,138.520,138.535,-34.585,Adelaide AP,2012,11,21,0,0
81,0.000,11.809,16.333,-34.592,138.520,138.535,-34.585,Adelaide AP,2012,11,21,6,0
82,0.000,17.420,13.917,-34.592,138.520,138.535,-34.585,Adelaide AP,2012,11,21,12,0
83,0.000,18.300,14.562,-34.592,138.520,138.535,-34.585,Adelaide AP,2012,11,21,18,0
84,0.000,8.891,21.750,-34.592,138.520,138.535,-34.585,Adelaide AP,2012,11,22,0,0
85,0.000,8.142,22.042,-34.592,138.520,138.535,-34.585,Adelaide AP,2012,11,22,6,0
86,0.000,12.504,17.646,-34.592,138.520,138.535,-34.585,Adelaide AP,2012,11,22,12,0
87,0.000,8.985,15.625,-34.592,138.520,138.535,-34.585,Adelaide AP,2012,11,22,18,0
88,0.000,14.562,39.104,-34.592,138.520,138.535,-34.585,Adelaide AP,2012,11,23,0,0
89,0.000,14.663,34.396,-34.592,138.520,138.535,-34.585,Adelaide AP,2012,11,23,6,0
90,0.000,13.949,48.354,-34.592,138.520,138.535,-34.585,Adelaide AP,2012,11,23,12,0
91,0.000,11.357,56.312,-34.592,138.520,138.535,-34.585,Adelaide AP,2012,11,23,18,0
92,0.000,11.119,48.062,-34.592,138.520,138.535,-34.585,Adelaide AP,2012,11,24,0,0
93,0.000,16.401,44.729,-34.592,138.520,138.535,-34.585,Adelaide AP,2012,11,24,6,0
94,0.000,15.034,17.312,-34.592,138.520,138.535,-34.585,Adelaide AP,2012,11,24,12,0
95,0.000,18.247,18.854,-34.592,138.520,138.535,-34.585,Adelaide AP,2012,11,24,18,0
96,0.000,12.482,14.229,-34.592,138.520,138.535,-34.585,Adelaide AP,2012,11,25,0,0
97,0.000,20.241,26.500,-34.592,138.520,138.535,-34.585,Adelaide AP,2012,11,25,6,0
98,0.000,23.015,45.688,-34.592,138.520,138.535,-34.585,Adelaide AP,2012,11,25,12,0
99,201.219,24.346,64.542,-34.592,138.520,138.535,-34.585,Adelaide AP,2012,11,25,18,0
100,0.000,22.382,56.708,-34.592,138.520,138.535,-34.585,Adelaide AP,2012,11,26,0,0
101,121.981,24.773,53.042,-34.592,138.520,138.535,-34.585,Adelaide AP,2012,11,26,6,0
102,105.259,27.189,45.625,-34.592,138.520,138.535,-34.585,Adelaide AP,2012,11,26,12,0
103,0.000,22.729,41.083,-34.592,138.520,138.535,-34.585,Adelaide AP,2012,11,26,18,0
104,0.000,6.474,28.021,-34.592,138.520,138.535,-34.585,Adelaide AP,2012,11,27,0,0
105,0.000,11.566,26.312,-34.592,138.520,138.535,-34.585,Adelaide AP,2012,11,27,6,0
106,0.000,14.429,21.292,-34.592,138.520,138.535,-34.585,Adelaide AP,2012,11,27,12,0
107,0.000,16.172,24.250,-34.592,138.520,138.535,-34.585,Adelaide AP,2012,11,27,18,0
108,0.000,7.552,21.146,-34.592,138.520,138.535,-34.585,Adelaide AP,2012,11,28,0,0
109,0.000,14.851,19.396,-34.592,138.520,138.535,-34.585,Adelaide AP,2012,11,28,6,0
110,0.000,12.812,24.979,-34.592,138.520,138.535,-34.585,Adelaide AP,2012,11,28,12,0
111,0.000,21.082,30.021,-34.592,138.520,138.535,-34.585,Adelaide AP,2012,11,28,18,0
112,0.000,12.378,58.583,-34.592,138.520,138.535,-34.585,Adelaide AP,2012,11,29,0,0
113,381.905,19.432,70.000,-34.592,138.520,138.535,-34.585,Adelaide AP,2012,11,29,6,0
114,553.553,29.778,46.021,-34.592,138.520,138.535,-34.585,Adelaide AP,2012,11,29,12,0
115,351.044,29.509,59.167,-34.592,138.520,138.535,-34.585,Adelaide AP,2012,11,29,18,0
116,267.710,26.203,71.750,-34.592,138.520,138.535,-34.585,Adelaide AP,2012,11,30,0,0
117,382.420,28.538,71.146,-34.592,138.520,138.535,-34.585,Adelaide AP,2012,11,30,6,0
118,141.277,31.470,73.833,-34.592,138.520,138.535,-34.585,Adelaide AP,2012,11,30,12,0
119,0.000,29.205,48.250,-34.592,138.520,138.535,-34.585,Adelaide AP,2012,11,30,18,0
120,0.000,29.481,52.083,-34.592,138.520,138.535,-34.585,Adelaide AP,2012,12,1,0,0
